solid tet_mesh 
facet normal 0 0 0
outer loop
vertex 0.000000 0.000000 0.000000
vertex -94.955459 30.349549 -349.279699
vertex -204.468230 -70.762263 -405.198632
endloop
endfacet
facet normal 0 0 0
outer loop
vertex -94.955459 30.349549 -349.279699
vertex 90.702941 32.383694 -340.178711
vertex -204.468230 -70.762263 -405.198632
endloop
endfacet
facet normal 0 0 0
outer loop
vertex -94.955459 30.349549 -349.279699
vertex 0.000000 0.000000 0.000000
vertex 90.702941 32.383694 -340.178711
endloop
endfacet
facet normal 0 0 0
outer loop
vertex 0.000000 0.000000 0.000000
vertex -204.468230 -70.762263 -405.198632
vertex 90.702941 32.383694 -340.178711
endloop
endfacet
facet normal 0 0 0
outer loop
vertex 0.000000 0.000000 0.000000
vertex 0.000000 0.000000 0.025000
vertex 0.000000 0.025000 0.025000
endloop
endfacet
facet normal 0 0 0
outer loop
vertex 0.000000 0.000000 0.025000
vertex 90.702941 32.383694 -340.178711
vertex 0.000000 0.025000 0.025000
endloop
endfacet
facet normal 0 0 0
outer loop
vertex 0.000000 0.000000 0.025000
vertex 0.000000 0.000000 0.000000
vertex 90.702941 32.383694 -340.178711
endloop
endfacet
facet normal 0 0 0
outer loop
vertex 0.000000 0.000000 0.000000
vertex 0.000000 0.025000 0.025000
vertex 90.702941 32.383694 -340.178711
endloop
endfacet
facet normal 0 0 0
outer loop
vertex 0.000000 0.000000 0.000000
vertex -94.955459 30.349549 -349.279699
vertex 90.702941 32.383694 -340.178711
endloop
endfacet
facet normal 0 0 0
outer loop
vertex -94.955459 30.349549 -349.279699
vertex 0.000000 0.025000 0.025000
vertex 90.702941 32.383694 -340.178711
endloop
endfacet
facet normal 0 0 0
outer loop
vertex -94.955459 30.349549 -349.279699
vertex 0.000000 0.000000 0.000000
vertex 0.000000 0.025000 0.025000
endloop
endfacet
facet normal 0 0 0
outer loop
vertex 0.000000 0.000000 0.000000
vertex 90.702941 32.383694 -340.178711
vertex 0.000000 0.025000 0.025000
endloop
endfacet
facet normal 0 0 0
outer loop
vertex -94.955459 30.349549 -349.279699
vertex 196.545000 -84.325643 -385.356614
vertex 90.702941 32.383694 -340.178711
endloop
endfacet
facet normal 0 0 0
outer loop
vertex 196.545000 -84.325643 -385.356614
vertex 0.000000 0.025000 0.025000
vertex 90.702941 32.383694 -340.178711
endloop
endfacet
facet normal 0 0 0
outer loop
vertex 196.545000 -84.325643 -385.356614
vertex -94.955459 30.349549 -349.279699
vertex 0.000000 0.025000 0.025000
endloop
endfacet
facet normal 0 0 0
outer loop
vertex -94.955459 30.349549 -349.279699
vertex 90.702941 32.383694 -340.178711
vertex 0.000000 0.025000 0.025000
endloop
endfacet
facet normal 0 0 0
outer loop
vertex 0.000000 0.000000 0.000000
vertex 0.000000 0.025000 0.025000
vertex 0.000000 0.025000 0.000000
endloop
endfacet
facet normal 0 0 0
outer loop
vertex 0.000000 0.025000 0.025000
vertex -94.955459 30.349549 -349.279699
vertex 0.000000 0.025000 0.000000
endloop
endfacet
facet normal 0 0 0
outer loop
vertex 0.000000 0.025000 0.025000
vertex 0.000000 0.000000 0.000000
vertex -94.955459 30.349549 -349.279699
endloop
endfacet
facet normal 0 0 0
outer loop
vertex 0.000000 0.000000 0.000000
vertex 0.000000 0.025000 0.000000
vertex -94.955459 30.349549 -349.279699
endloop
endfacet
facet normal 0 0 0
outer loop
vertex -204.468230 -70.762263 -405.198632
vertex -190.985517 -99.028324 -902.707718
vertex -289.529163 -128.548453 -949.440459
endloop
endfacet
facet normal 0 0 0
outer loop
vertex -190.985517 -99.028324 -902.707718
vertex 173.793551 -107.332676 -904.570226
vertex -289.529163 -128.548453 -949.440459
endloop
endfacet
facet normal 0 0 0
outer loop
vertex -190.985517 -99.028324 -902.707718
vertex -204.468230 -70.762263 -405.198632
vertex 173.793551 -107.332676 -904.570226
endloop
endfacet
facet normal 0 0 0
outer loop
vertex -204.468230 -70.762263 -405.198632
vertex -289.529163 -128.548453 -949.440459
vertex 173.793551 -107.332676 -904.570226
endloop
endfacet
facet normal 0 0 0
outer loop
vertex -204.468230 -70.762263 -405.198632
vertex 90.702941 32.383694 -340.178711
vertex 196.545000 -84.325643 -385.356614
endloop
endfacet
facet normal 0 0 0
outer loop
vertex 90.702941 32.383694 -340.178711
vertex 173.793551 -107.332676 -904.570226
vertex 196.545000 -84.325643 -385.356614
endloop
endfacet
facet normal 0 0 0
outer loop
vertex 90.702941 32.383694 -340.178711
vertex -204.468230 -70.762263 -405.198632
vertex 173.793551 -107.332676 -904.570226
endloop
endfacet
facet normal 0 0 0
outer loop
vertex -204.468230 -70.762263 -405.198632
vertex 196.545000 -84.325643 -385.356614
vertex 173.793551 -107.332676 -904.570226
endloop
endfacet
facet normal 0 0 0
outer loop
vertex -204.468230 -70.762263 -405.198632
vertex -190.985517 -99.028324 -902.707718
vertex 173.793551 -107.332676 -904.570226
endloop
endfacet
facet normal 0 0 0
outer loop
vertex -190.985517 -99.028324 -902.707718
vertex 196.545000 -84.325643 -385.356614
vertex 173.793551 -107.332676 -904.570226
endloop
endfacet
facet normal 0 0 0
outer loop
vertex -190.985517 -99.028324 -902.707718
vertex -204.468230 -70.762263 -405.198632
vertex 196.545000 -84.325643 -385.356614
endloop
endfacet
facet normal 0 0 0
outer loop
vertex -204.468230 -70.762263 -405.198632
vertex 173.793551 -107.332676 -904.570226
vertex 196.545000 -84.325643 -385.356614
endloop
endfacet
facet normal 0 0 0
outer loop
vertex -190.985517 -99.028324 -902.707718
vertex 271.737135 -154.248332 -916.559856
vertex 173.793551 -107.332676 -904.570226
endloop
endfacet
facet normal 0 0 0
outer loop
vertex 271.737135 -154.248332 -916.559856
vertex 196.545000 -84.325643 -385.356614
vertex 173.793551 -107.332676 -904.570226
endloop
endfacet
facet normal 0 0 0
outer loop
vertex 271.737135 -154.248332 -916.559856
vertex -190.985517 -99.028324 -902.707718
vertex 196.545000 -84.325643 -385.356614
endloop
endfacet
facet normal 0 0 0
outer loop
vertex -190.985517 -99.028324 -902.707718
vertex 173.793551 -107.332676 -904.570226
vertex 196.545000 -84.325643 -385.356614
endloop
endfacet
facet normal 0 0 0
outer loop
vertex -204.468230 -70.762263 -405.198632
vertex 196.545000 -84.325643 -385.356614
vertex -94.955459 30.349549 -349.279699
endloop
endfacet
facet normal 0 0 0
outer loop
vertex 196.545000 -84.325643 -385.356614
vertex -190.985517 -99.028324 -902.707718
vertex -94.955459 30.349549 -349.279699
endloop
endfacet
facet normal 0 0 0
outer loop
vertex 196.545000 -84.325643 -385.356614
vertex -204.468230 -70.762263 -405.198632
vertex -190.985517 -99.028324 -902.707718
endloop
endfacet
facet normal 0 0 0
outer loop
vertex -204.468230 -70.762263 -405.198632
vertex -94.955459 30.349549 -349.279699
vertex -190.985517 -99.028324 -902.707718
endloop
endfacet
facet normal 0 0 0
outer loop
vertex -289.529163 -128.548453 -949.440459
vertex -217.006650 -212.212081 -1473.143586
vertex -323.100886 -199.264185 -1531.871265
endloop
endfacet
facet normal 0 0 0
outer loop
vertex -217.006650 -212.212081 -1473.143586
vertex 187.828513 -227.738115 -1481.824362
vertex -323.100886 -199.264185 -1531.871265
endloop
endfacet
facet normal 0 0 0
outer loop
vertex -217.006650 -212.212081 -1473.143586
vertex -289.529163 -128.548453 -949.440459
vertex 187.828513 -227.738115 -1481.824362
endloop
endfacet
facet normal 0 0 0
outer loop
vertex -289.529163 -128.548453 -949.440459
vertex -323.100886 -199.264185 -1531.871265
vertex 187.828513 -227.738115 -1481.824362
endloop
endfacet
facet normal 0 0 0
outer loop
vertex -289.529163 -128.548453 -949.440459
vertex 173.793551 -107.332676 -904.570226
vertex 271.737135 -154.248332 -916.559856
endloop
endfacet
facet normal 0 0 0
outer loop
vertex 173.793551 -107.332676 -904.570226
vertex 187.828513 -227.738115 -1481.824362
vertex 271.737135 -154.248332 -916.559856
endloop
endfacet
facet normal 0 0 0
outer loop
vertex 173.793551 -107.332676 -904.570226
vertex -289.529163 -128.548453 -949.440459
vertex 187.828513 -227.738115 -1481.824362
endloop
endfacet
facet normal 0 0 0
outer loop
vertex -289.529163 -128.548453 -949.440459
vertex 271.737135 -154.248332 -916.559856
vertex 187.828513 -227.738115 -1481.824362
endloop
endfacet
facet normal 0 0 0
outer loop
vertex -289.529163 -128.548453 -949.440459
vertex -217.006650 -212.212081 -1473.143586
vertex 187.828513 -227.738115 -1481.824362
endloop
endfacet
facet normal 0 0 0
outer loop
vertex -217.006650 -212.212081 -1473.143586
vertex 271.737135 -154.248332 -916.559856
vertex 187.828513 -227.738115 -1481.824362
endloop
endfacet
facet normal 0 0 0
outer loop
vertex -217.006650 -212.212081 -1473.143586
vertex -289.529163 -128.548453 -949.440459
vertex 271.737135 -154.248332 -916.559856
endloop
endfacet
facet normal 0 0 0
outer loop
vertex -289.529163 -128.548453 -949.440459
vertex 187.828513 -227.738115 -1481.824362
vertex 271.737135 -154.248332 -916.559856
endloop
endfacet
facet normal 0 0 0
outer loop
vertex -217.006650 -212.212081 -1473.143586
vertex 277.916368 -241.890443 -1461.209650
vertex 187.828513 -227.738115 -1481.824362
endloop
endfacet
facet normal 0 0 0
outer loop
vertex 277.916368 -241.890443 -1461.209650
vertex 271.737135 -154.248332 -916.559856
vertex 187.828513 -227.738115 -1481.824362
endloop
endfacet
facet normal 0 0 0
outer loop
vertex 277.916368 -241.890443 -1461.209650
vertex -217.006650 -212.212081 -1473.143586
vertex 271.737135 -154.248332 -916.559856
endloop
endfacet
facet normal 0 0 0
outer loop
vertex -217.006650 -212.212081 -1473.143586
vertex 187.828513 -227.738115 -1481.824362
vertex 271.737135 -154.248332 -916.559856
endloop
endfacet
facet normal 0 0 0
outer loop
vertex -289.529163 -128.548453 -949.440459
vertex 271.737135 -154.248332 -916.559856
vertex -190.985517 -99.028324 -902.707718
endloop
endfacet
facet normal 0 0 0
outer loop
vertex 271.737135 -154.248332 -916.559856
vertex -217.006650 -212.212081 -1473.143586
vertex -190.985517 -99.028324 -902.707718
endloop
endfacet
facet normal 0 0 0
outer loop
vertex 271.737135 -154.248332 -916.559856
vertex -289.529163 -128.548453 -949.440459
vertex -217.006650 -212.212081 -1473.143586
endloop
endfacet
facet normal 0 0 0
outer loop
vertex -289.529163 -128.548453 -949.440459
vertex -190.985517 -99.028324 -902.707718
vertex -217.006650 -212.212081 -1473.143586
endloop
endfacet
endsolid